addPoint() {
      var style = {
        strokeColor: '',
        serifsColor: '',
        fillColor: '',
        strokeWidth: 1,
        serifsWidth: ''
      }
      var jbData = {
        center: data.setBasePoint,
        geometries: []
      };

      let geoms = data.resultPoints;
      for (let i = 0; i < geoms.length; i++) {
        let geom = geoms[i];
        jbData.geometries.push({
          type: geom.style,
          coordinates: geom.points
        });
        if (geom.style === 'Polygon') {
          jbData.geometries.push({
            type: 'LineString',
            coordinates: geom.points
          });
        }
      }

      // 小旗子
      var jbData = {
        "center": [838, 457.0425731001911],
        "geometries": [
          {
            "type": "Polygon",
            "coordinates": [
              [796.6896777252952, 456.9567769611352],
              [807.2769458427339, 459.8959912378826],
              [804.1013497171894, 456.9676205633719],
              [807.2769458427339, 454.1040087621174],
              [796.6896777252952, 456.9567769611352]
            ]
          },
          {
            "type": "Polygon",
            "coordinates": [
              [838, 457.0425731001911],
              [837.9978023506659, 457.1497872952768],
              [837.991250963807, 457.25678500521127],
              [837.9804081811387, 457.36341573373073],
              [837.9653363443764, 457.4695289845713],
              [837.9460977952353, 457.5749742614692],
              [837.922754875431, 457.6796010681608],
              [837.8953699266785, 457.78325890838215],
              [837.8640052906935, 457.8857972858695],
              [837.8287233091909, 457.98706570435917],
              [837.7895863238865, 458.08691366758717],
              [837.7466566764954, 458.18519067929],
              [837.6999967087328, 458.2817462432036],
              [837.6496687623143, 458.37642986306435],
              [837.5957351789551, 458.4690910426084],
              [837.5382583003706, 458.559579285572],
              [837.477300468276, 458.6477440956914],
              [837.4129240243869, 458.7334349767027],
              [837.3451913104184, 458.81650143234225],
              [837.2741646680861, 458.89679296634614],
              [837.199906439105, 458.97415908245074],
              [837.199906439105, 458.97415908245074],
              [837.1225403530362, 459.0484175826806],
              [837.0422489022594, 459.11944440893296],
              [836.9591825727175, 459.1871772274315],
              [836.8734918503537, 459.2515537043997],
              [836.7853272211111, 459.3125115060614],
              [836.6948391709325, 459.36998829864024],
              [836.6021781857614, 459.4239217483597],
              [836.5074947515407, 459.47424952144365],
              [836.4109393542136, 459.5209092841156],
              [836.312662479723, 459.5638387025992],
              [836.2128146140122, 459.60297544311817],
              [836.1115462430241, 459.6382571718961],
              [836.0090078527021, 459.6696215551567],
              [835.9053499289892, 459.6970062591236],
              [835.8007229578282, 459.7203489500204],
              [835.6952774251623, 459.73958729407093],
              [835.589163816935, 459.7546589574986],
              [835.4825326190888, 459.76550160652715],
              [835.3755343175673, 459.77205290738027],
              [835.2683193983132, 459.7742505262816],
              [835.2683193983132, 459.7742505262816],
              [835.1611042968595, 459.77205289229624],
              [835.0541057678859, 459.7655015493664],
              [834.9474742997171, 459.75465883603204],
              [834.8413603806782, 459.73958709083274],
              [834.7359144990938, 459.7203486523083],
              [834.6312871432888, 459.69700585899847],
              [834.527628801588, 459.669621049443],
              [834.425089962316, 459.63825656218165],
              [834.3238211137977, 459.6029747357541],
              [834.223972744358, 459.5638379087002],
              [834.1256953423215, 459.52090841955953],
              [834.0291393960131, 459.4742486068719],
              [833.9344553937576, 459.42392080917716],
              [833.84179382388, 459.36998736501494],
              [833.7513051747047, 459.312510612925],
              [833.6631399345567, 459.2515528914471],
              [833.5774485917607, 459.187176539121],
              [833.4943816346416, 459.1194438944864],
              [833.4140895515243, 459.048417296083],
              [833.3367228307332, 458.97415908245074],
              [833.3367228307332, 458.97415908245074],
              [833.2624652056447, 458.89679296634614],
              [833.1914391068685, 458.81650143234225],
              [833.1237068792955, 458.7334349767027],
              [833.0593308678167, 458.6477440956914],
              [832.9983734173229, 458.559579285572],
              [832.9408968727054, 458.4690910426084],
              [832.8869635788546, 458.37642986306435],
              [832.8366358806619, 458.2817462432036],
              [832.789976123018, 458.18519067929],
              [832.7470466508139, 458.08691366758717],
              [832.7079098089405, 457.98706570435917],
              [832.6726279422887, 457.8857972858695],
              [832.6412633957495, 457.78325890838215],
              [832.6138785142139, 457.6796010681608],
              [832.5905356425728, 457.5749742614692],
              [832.5712971257169, 457.4695289845713],
              [832.5562253085375, 457.36341573373073],
              [832.5453825359252, 457.25678500521127],
              [832.5388311527712, 457.1497872952768],
              [832.5366335039663, 457.0425731001911],
              [832.5366335039663, 457.0425731001911],
              [832.5388311527712, 456.9353581346263],
              [832.5453825359252, 456.8283596994651],
              [832.5562253085375, 456.7217282885895],
              [832.571297125717, 456.6156143958815],
              [832.5905356425728, 456.51016851522337],
              [832.6138785142139, 456.40554114049706],
              [832.6412633957495, 456.3018827655847],
              [832.6726279422887, 456.1993438843684],
              [832.7079098089405, 456.0980749907302],
              [832.7470466508139, 455.99822657855225],
              [832.789976123018, 455.89994914171655],
              [832.8366358806619, 455.8033931741052],
              [832.8869635788546, 455.7087091696004],
              [832.9408968727054, 455.6160476220842],
              [832.9983734173229, 455.52555902543855],
              [833.0593308678167, 455.4373938735456],
              [833.1237068792955, 455.3517026602875],
              [833.1914391068685, 455.26863587954637],
              [833.2624652056447, 455.1883440252042],
              [833.3367228307332, 455.11097759114307],
              [833.3367228307332, 455.11097759114307],
              [833.4140895515243, 455.03671965643395],
              [833.4943816346416, 454.96569326391506],
              [833.5774485917607, 454.89796075847744],
              [833.6631399345567, 454.8335844850119],
              [833.7513051747047, 454.7726267884095],
              [833.8417938238799, 454.7151500135612],
              [833.9344553937576, 454.66121650535774],
              [834.0291393960131, 454.61088860869023],
              [834.1256953423215, 454.5642286684496],
              [834.223972744358, 454.5212990295267],
              [834.3238211137977, 454.4821620368124],
              [834.425089962316, 454.4468800351978],
              [834.527628801588, 454.4155153695738],
              [834.6312871432888, 454.3881303848313],
              [834.7359144990938, 454.3647874258612],
              [834.8413603806782, 454.3455488375545],
              [834.9474742997171, 454.3304769648021],
              [835.0541057678859, 454.3196341524949],
              [835.1611042968595, 454.31308274552396],
              [835.2683193983132, 454.31088508878014],
              [835.2683193983132, 454.31088508878014],
              [835.3755343175673, 454.31308274552396],
              [835.4825326190888, 454.3196341524949],
              [835.589163816935, 454.3304769648021],
              [835.6952774251623, 454.3455488375545],
              [835.8007229578282, 454.3647874258612],
              [835.9053499289892, 454.3881303848313],
              [836.0090078527021, 454.4155153695738],
              [836.1115462430241, 454.4468800351978],
              [836.2128146140122, 454.4821620368124],
              [836.312662479723, 454.5212990295267],
              [836.4109393542136, 454.5642286684496],
              [836.5074947515407, 454.61088860869023],
              [836.6021781857614, 454.66121650535774],
              [836.6948391709325, 454.7151500135612],
              [836.7853272211111, 454.7726267884095],
              [836.8734918503537, 454.8335844850119],
              [836.9591825727175, 454.89796075847744],
              [837.0422489022594, 454.96569326391506],
              [837.1225403530362, 455.03671965643395],
              [837.199906439105, 455.11097759114307],
              [837.199906439105, 455.11097759114307],
              [837.2741646680861, 455.1883440252042],
              [837.3451913104184, 455.26863587954637],
              [837.4129240243869, 455.3517026602875],
              [837.477300468276, 455.4373938735456],
              [837.5382583003706, 455.52555902543855],
              [837.5957351789551, 455.6160476220842],
              [837.6496687623143, 455.7087091696004],
              [837.6999967087328, 455.8033931741052],
              [837.7466566764954, 455.89994914171655],
              [837.7895863238865, 455.99822657855225],
              [837.8287233091909, 456.0980749907302],
              [837.8640052906935, 456.1993438843684],
              [837.8953699266785, 456.3018827655847],
              [837.922754875431, 456.40554114049706],
              [837.9460977952353, 456.51016851522337],
              [837.9653363443764, 456.6156143958815],
              [837.9804081811387, 456.7217282885895],
              [837.991250963807, 456.8283596994651],
              [837.9978023506659, 456.9353581346263],
              [838, 457.0425731001911],
              [838, 457.0425731001911],
              [838, 457.0425731001911]
            ]
          }

        ]
      }


      var _basePoint = [96.00710, 24.0220]
      let JBPoint2 = primitive = new RegularPointSymbol({
        id: this.id,
        position: Cesium.Cartesian3.fromDegrees(_basePoint[0], _basePoint[1], 10),
        data: jbData,
        initialScale: 1,
        scale: 20000,
        thickness: 20000,
        style: style,
        showBoundingBox: true
      });
      window.viewer.scene.primitives.add(JBPoint2);
    },